11
   1    -0.310    -0.220     0.000   10   -1   -1   -1
   2    -0.294    -0.098     0.000    9   -1   -1   -1
   3    -0.289    -0.026     0.000    0   -1   -1   -1
   4    -0.284    -0.027     0.000    1   -1   -1   -1
   5    -0.282    -0.031     0.000    2   -1   -1   -1
   6    -0.278    -0.095     0.000    8   -1   -1   -1
   7    -0.272    -0.082     0.000    7   -1   -1   -1
   8    -0.267    -0.042     0.000    3   -1   -1   -1
   9    -0.263    -0.047     0.000    4   -1   -1   -1
  10    -0.261    -0.053     0.000    5   -1   -1   -1
  11    -0.254    -0.058     0.000    6   -1   -1   -1
